{
    "produkter": ["5050/10", "5050/20", "5050/30", "5032/10", "5032/20", "5080", "5065/20", "5060/20", "2010/10", "2010/20", "2070/3-4", "2014/20", "2015/20", "2016/20", "2017/20", "5010/10", "5010/20", "5010/30", "3012/20", "4046/20", "4047/20", "4012/20", "4040/20", "4041/20", "4275/3-4", "4510/3-4", "500/20", "600/20", "800/20", "850/20"],
    "demandvinter": [89,78,71,1,0,51,22,0,105,55,11,0,5,2,1,11,0,12,0,13,3,36,6,9,30,52,1,0,0,0],
    "demandsommer": [140,150,61,1,2,73,19,0,168,67,27,0,4,1,35,9,2,4,1,10,3,65,26,15,43,86,0,1,0,1],
    "r": [2, 2, 2, 1, 1, 2, 2, 1, 1, 1, 1, 1, 1, 1, 1, 2, 2, 2, 1, 1, 1, 1, 1, 1, 1, 1, 1, 1, 1, 1],
    "w": [168.79053312, 183.14945, 448.7161525, 117.215648, 66.5998, 124.874625, 155.01769448, 155.01769448, 183.14945, 117.215648],
    "a": [[0,0,0,0,0,1,0,0,0,0,0,0,0,0,0,0,0,0,0,0,0,0,0,0,0,0,0,0,0,0],[0,0,0,0,0,0,0,0,0,0,0,0,0,0,0,0,0,0,0,0,0,0,0,0,1,1,0,0,0,0],[0,0,0,0,0,0,0,0,0,0,0,0,0,0,1,0,0,0,0,0,0,0,0,0,0,0,0,0,0,0],[0,0,0,0,0,0,1,1,0,0,0,1,1,1,0,0,0,0,0,0,0,0,0,0,0,0,0,0,0,0],[0,1,1,0,1,0,0,0,0,1,0,0,0,0,0,0,1,1,0,0,0,0,0,0,0,0,0,0,0,0],[1,0,0,1,0,0,0,0,1,0,0,0,0,0,0,1,0,0,0,0,0,0,0,0,0,0,0,0,0,0],[0,0,0,0,0,0,0,0,0,0,0,0,0,0,0,0,0,0,1,1,1,0,1,1,0,0,0,1,1,1],[0,0,0,0,0,0,0,0,0,0,0,0,0,0,0,0,0,0,0,0,0,1,0,0,0,0,0,0,0,0],[0,0,0,0,0,0,0,0,0,0,1,0,0,0,0,0,0,0,0,0,0,0,0,0,0,0,0,0,0,0],[0,0,0,0,0,0,0,0,0,0,0,0,0,0,0,0,0,0,0,0,0,0,0,0,0,0,1,0,0,0]],
    "a2": [[0,0,0,0,0,1,0,0,0,0,0,0,0,0,0,0,0,0,0,0,0,1,0,0,1,1,0,0,0,0],[0,0,0,0,0,0,0,0,0,0,1,0,0,0,0,0,0,0,0,0,0,0,0,0,1,1,0,0,0,0],[0,0,0,0,0,0,0,0,0,0,0,0,0,0,1,0,0,0,0,0,0,0,0,0,0,0,0,0,0,0],[0,0,0,0,0,0,1,1,0,0,0,1,1,1,0,0,0,0,0,0,0,0,0,0,0,0,0,0,0,0],[0,1,1,0,1,0,0,0,0,1,0,0,0,0,0,0,1,1,0,0,0,0,0,0,0,0,0,0,0,0],[1,0,0,1,0,0,0,0,1,0,0,0,0,0,0,1,0,0,0,0,0,0,0,0,0,0,0,0,0,0],[0,0,0,0,0,0,0,0,0,0,1,0,0,0,0,0,0,0,1,1,1,0,1,1,1,1,0,1,1,1],[0,0,0,0,0,0,0,0,0,0,0,0,0,0,0,0,0,0,0,0,0,1,0,0,0,0,0,0,0,0],[0,0,0,0,0,0,0,0,0,0,1,0,0,0,0,0,0,0,0,0,0,0,0,0,0,0,0,0,0,0],[0,0,0,0,0,0,0,0,0,0,0,0,0,0,0,0,0,0,0,0,0,0,0,0,0,0,1,0,0,0]],
    "ventilhus":["4010-1-2", "4075-1", "2017-2", "2015-7", "2010-26-1", "2010-25-1", "4040-1-2", "4012-1", "4075-1-1", "500-1"],
    "produktionstid": [450, 450, 300, 600, 240, 240, 450, 600, 450, 600],
    "var_cost":[70.1, 55.5, 82.3, 50.2, 29.5, 29.45, 12.9, 67, 52.6, 59],
    "fixed_cost": [1200, 1200, 850, 1000, 850, 850, 1200, 1000, 1200, 1000],
    "kfm": 2.962,
    "K": 4.8,
    "kfssommer": 132,
    "kfsvinter": 143.5,
    "A": 0.75,
    "Anvendteventilhuse": [1,0,1,1,1,1,1,0,0,0],
    "Anvendteventilhuseomvendt": [-1,1,-1,-1,-1,-1,-1,1,1,1],

    "Anvendteventilhuse2": [1,0,1,1,1,1,1,1,0,0],
    "Anvendteventilhuseomvendt2": [-1,1,-1,-1,-1,-1,-1,-1,1,1],

    "Anvendteventilhuse3": [1,0,1,1,1,1,1,0,1,0],
    "Anvendteventilhuseomvendt3": [-1,1,-1,-1,-1,-1,-1,1,-1,1],

    "Anvendteventilhuse4": [1,1,1,1,1,1,1,0,0,0],
    "Anvendteventilhuseomvendt4": [-1,-1,-1,-1,-1,-1,-1,1,1,1],

    "Anvendteventilhuse5": [1,0,1,1,1,1,1,1,1,0],
    "Anvendteventilhuseomvendt5": [-1,1,-1,-1,-1,-1,-1,-1,-1,1],

    "Anvendteventilhuse6": [1,1,1,1,1,1,1,1,0,0],
    "Anvendteventilhuseomvendt6": [-1,-1,-1,-1,-1,-1,-1,-1,1,1],

    "Anvendteventilhuse7": [1,1,1,1,1,1,1,0,1,0],
    "Anvendteventilhuseomvendt7": [-1,-1,-1,-1,-1,-1,-1,1,-1,1],

    "Anvendteventilhuse8": [1,1,1,1,1,1,1,1,1,0],
    "Anvendteventilhuseomvendt8": [-1,-1,-1,-1,-1,-1,-1,-1,-1,1]
}